Sample Names	MutationType	SBS192A	SBS192B	SBS192C
2008	CUAA	0.559649299289519	0.19123045098339864	0.24912024972708247
2008	CUAC	0.355229121776042	0.2898256214664231	0.35494525675753485
2008	CUAG	1.993561600374516e-06	0.9980783060790975	0.0019197003593020723
2008	CUAU	0.623690792082293	0.26172234378292697	0.11458686413478006
2008	CUCA	0.6662172632663196	0.19930089548599741	0.13448184124768298
2008	CUCC	0.6031990525738851	0.29183583495475773	0.10496511247135715
2008	CUCG	0.6506658369331375	0.2740054381420132	0.07532872492484934
2008	CUCU	0.46257177441241476	0.3839419407063076	0.15348628488127766
2008	CUGA	0.5340113107230596	0.2114283318933201	0.25456035738362026
2008	CUGC	0.6692852358076573	0.20870812565107189	0.12200663854127078
2008	CUGG	0.38790699609193635	0.3529032693215035	0.2591897345865601
2008	CUGU	0.6666746439268268	0.24093775907792503	0.09238759699524818
2008	CUUA	0.6979532420058466	0.21445446916722705	0.0875922888269264
2008	CUUC	0.6431323820792034	0.19465170932434872	0.16221590859644797
2008	CUUG	0.8359149765494386	0.10592540460697315	0.05815961884358839
2008	CUUU	0.5821009614823467	0.2575436349408151	0.1603554035768382
2008	GAAA	0.6215158161178956	0.20854264234244727	0.16994154153965726
2008	GAAC	0.6081955290398106	0.20062923156633988	0.19117523939384953
2008	GAAG	0.5354268491541725	0.24967759720024518	0.21489555364558247
2008	GAAU	0.6931141529413786	0.17228271425353806	0.1346031328050834
2008	GACA	0.5076426930108214	0.23398266483276312	0.25837464215641537
2008	GACC	0.540132985755741	0.2828474123789984	0.17701960186526056
2008	GACG	0.6876515799523254	0.17146776145508635	0.14088065859258822
2008	GACU	0.703537176622039	0.26921768130814705	0.02724514206981386
2008	GAGA	0.7335008012302541	0.1742072140456806	0.0922919847240654
2008	GAGC	0.5694695378165394	0.14266014115176512	0.28787032103169546
2008	GAGG	0.6119368227665732	0.2874776123349194	0.10058556489850734
2008	GAGU	0.6055229600288081	0.22312955808000012	0.1713474818911917
2008	GAUA	0.5654095005525157	0.2671187935867059	0.16747170586077842
2008	GAUC	0.5969992806176454	0.23663565430364783	0.16636506507870674
2008	GAUG	0.44737814692375183	0.32108636389553674	0.23153548918071146
2008	GAUU	0.617687584070838	0.18641338719494174	0.1958990287342201
2008	AGAA	0.5464086264886853	0.3251535317957825	0.12843784171553219
2008	AGAC	0.572650221321611	0.24979759516570832	0.17755218351268054
2008	AGAG	0.5785839352208721	0.19414868933490798	0.2272673754442198
2008	AGAU	0.635770407335991	0.2064740640559745	0.15775552860803457
2008	AGCA	0.6402989995064261	0.259933192175659	0.099767808317915
2008	AGCC	0.48639517036194785	0.2165016643161956	0.29710316532185654
2008	AGCG	0.8396833823499281	0.10128817215978414	0.05902844549028768
2008	AGCU	0.6643312174408414	0.19748621448587328	0.13818256807328536
2008	AGGA	0.7941619520427796	0.14280317749240826	0.06303487046481203
2008	AGGC	0.6621776600571575	0.16980767152969845	0.16801466841314408
2008	AGGG	0.6928488674552197	0.157311889033337	0.14983924351144323
2008	AGGU	0.6948159662782041	0.2392148389966827	0.06596919472511327
2008	AGUA	0.673014919143989	0.20172030532917581	0.1252647755268351
2008	AGUC	0.5533958029857518	0.2703658543518548	0.17623834266239355
2008	AGUG	0.7345177734360011	0.1453045206574321	0.12017770590656669
2008	AGUU	0.7035983972894266	0.24920691722150604	0.047194685489067335
2008	UCAA	0.5498198623549122	0.23803554190262136	0.21214459574246639
2008	UCAC	0.7281816387540668	0.21449395897224632	0.05732440227368686
2008	UCAG	0.6125044230123903	0.3223697268086602	0.0651258501789495
2008	UCAU	0.6253277731767877	0.2471295666022921	0.12754266022092023
2008	UCCA	0.47596539808099075	0.32088385985515167	0.20315074206385766
2008	UCCC	0.7515845617524632	0.13102111624029722	0.11739432200723944
2008	UCCG	0.48508311516702274	0.24369456282744842	0.27122232200552887
2008	UCCU	0.5733408731768644	0.26164941454368107	0.16500971227945466
2008	UCGA	0.691988960162224	0.2169886077731772	0.09102243206459888
2008	UCGC	0.4836969624770529	0.2056930519376004	0.31060998558534675
2008	UCGG	0.7359226255185672	0.15655703481514804	0.1075203396662846
2008	UCGU	0.5831125898901821	0.24103807148944945	0.1758493386203685
2008	UCUA	0.674229827830959	0.20505474066242435	0.12071543150661673
2008	UCUC	0.7106836082267177	0.183321645102735	0.1059947466705473
2008	UCUG	0.7095119642396551	0.18419031534946903	0.10629772041087585
2008	UCUU	0.6502704010208012	0.2114279531747454	0.13830164580445334
2008	GUAA	0.6301941550549742	0.1267727412860647	0.2430331036589612
2008	GUAC	0.6157279908022044	0.2505145039530007	0.13375750524479496
2008	GUAG	0.582652514324802	0.16721351952317684	0.25013396615202127
2008	GUAU	0.793044660739131	0.053744485210071004	0.15321085405079804
2008	GUCA	0.38038507334888094	0.11971919499122459	0.4998957316598946
2008	GUCC	0.5785190189417004	0.32958060336211525	0.09190037769618425
2008	GUCG	0.5475175964808214	0.2535638800232684	0.19891852349591016
2008	GUCU	0.5229100232310937	0.40459081382961337	0.07249916293929293
2008	GUGA	0.6922144446562923	0.10533864265832169	0.202446912685386
2008	GUGC	0.29434964766384464	0.09030322759262606	0.6153471247435293
2008	GUGG	0.7628759076048998	0.14537583579840016	0.09174825659670005
2008	GUGU	0.29847466539333023	0.31921809030905157	0.3823072442976183
2008	GUUA	0.7491173432643647	0.15822654191557178	0.09265611482006347
2008	GUUC	0.47734947300351566	0.24011554605635257	0.2825349809401317
2008	GUUG	0.5008629431852364	0.25615305054901727	0.2429840062657465
2008	GUUU	0.7347627621525127	0.11820708696513135	0.147030150882356
2008	CAAA	0.31148542905921806	0.3181707880367089	0.37034378290407316
2008	CAAC	0.7939448354215972	0.00038904034563550676	0.20566612423276726
2008	CAAG	0.014368558718893554	0.9789732377153706	0.00665820356573607
2008	CAAU	0.6033158924577624	0.13189262239866592	0.26479148514357165
2008	CACA	0.3928315698052349	0.03454603829417659	0.5726223919005886
2008	CACC	0.6645278712985317	0.0861835235325537	0.24928860516891452
2008	CACG	0.7250649036454451	0.2112134194690794	0.0637216768854756
2008	CACU	0.3269150400880911	0.4961728222388048	0.17691213767310393
2008	CAGA	0.5989793563189886	0.026863469609648104	0.3741571740713634
2008	CAGC	0.34976271763635813	0.4921430418870511	0.15809424047659076
2008	CAGG	0.1741110957231841	0.12479113856800321	0.7010977657088127
2008	CAGU	0.3126799569245569	0.08943391516781804	0.5978861279076251
2008	CAUA	0.4849248529712794	0.21915564156848516	0.2959195054602354
2008	CAUC	0.3925545078551156	0.15086766815473912	0.4565778239901452
2008	CAUG	0.7788545823491523	0.10895767130840589	0.11218774634244191
2008	CAUU	0.37476643433631246	0.17664861537828747	0.4485849502854
2008	GCAA	0.06565324077200246	0.03746371405903494	0.8968830451689626
2008	GCAC	0.15594066042152468	0.010747424602154358	0.833311914976321
2008	GCAG	0.040565200891798305	0.14156183293012667	0.8178729661780751
2008	GCAU	0.3179606120735453	0.14369074591021183	0.5383486420162429
2008	GCCA	0.06835507351568819	0.012850210489205946	0.9187947159951058
2008	GCCC	0.01141307389827339	0.04448962934304513	0.9440972967586814
2008	GCCG	0.3470197391146768	0.033638788101750666	0.6193414727835725
2008	GCCU	0.45384409973190337	0.20163944509962367	0.344516455168473
2008	GCGA	0.44302327682738524	0.0022529200614968196	0.5547238031111179
2008	GCGC	0.17667843379709672	0.1135394747910653	0.7097820914118381
2008	GCGG	0.47931655833314446	0.11042728276979277	0.4102561588970629
2008	GCGU	0.4099544982901014	0.17020199503923547	0.4198435066706631
2008	GCUA	0.4660186992979299	0.0002040650915317604	0.5337772356105384
2008	GCUC	0.044168980860872585	0.04104904846387369	0.9147819706752537
2008	GCUG	0.0017125869973511482	0.03233653815453465	0.9659508748481141
2008	GCUU	0.5151031689230506	0.011672948110860277	0.47322388296608925
2008	CGAA	0.13200820786415984	0.3028212481083438	0.5651705440274963
2008	CGAC	0.025590135267823527	0.2790947596971648	0.6953151050350117
2008	CGAG	0.012439465866867888	0.6748452618608693	0.3127152722722627
2008	CGAU	0.3993533430941923	0.022490064839991632	0.578156592065816
2008	CGCA	0.03052424638169547	0.005518297967634168	0.9639574556506704
2008	CGCC	0.3506071227668592	0.0022038883763108768	0.64718898885683
2008	CGCG	0.4100068475614432	0.009649921669481903	0.5803432307690749
2008	CGCU	0.71808425533893	0.06134330391239556	0.22057244074867455
2008	CGGA	0.036982289485260916	0.007423834147050058	0.955593876367689
2008	CGGC	0.491235337375935	0.10077608875619909	0.40798857386786586
2008	CGGG	0.08862389074604843	0.010432864161744897	0.9009432450922067
2008	CGGU	0.0900120651284849	0.11386856218786624	0.7961193726836489
2008	CGUA	0.30521076925761753	0.040166489691593525	0.6546227410507889
2008	CGUC	0.045741877303456024	0.000963125320161417	0.9532949973763826
2008	CGUG	0.3512981197802389	8.272997229032575e-06	0.648693607222532
2008	CGUU	0.38421559569615477	0.002152479936081452	0.6136319243677638
2008	ACAA	0.7974852697239455	0.16182637890720067	0.040688351368853785
2008	ACAC	0.42903158511152373	0.18027753518831854	0.3906908797001577
2008	ACAG	0.8321026324891777	0.131795307581046	0.03610205992977632
2008	ACAU	0.4712345067006825	0.059603848166239565	0.46916164513307806
2008	ACCA	0.5532807719327058	0.09494424681373481	0.35177498125355944
2008	ACCC	0.307384676559598	0.04784008039973314	0.6447752430406688
2008	ACCG	0.6168010009454985	0.12065568878122875	0.2625433102732727
2008	ACCU	0.5817578617737574	0.10338943887564746	0.31485269935059507
2008	ACGA	0.29794708236318623	0.16895895914009174	0.5330939584967221
2008	ACGC	0.4775627533593891	0.2725330370427873	0.24990420959782367
2008	ACGG	0.5213732163693465	0.19128017832848448	0.28734660530216904
2008	ACGU	0.6541048270382247	0.13044762396993595	0.21544754899183935
2008	ACUA	0.16884383074877912	0.32409365724069855	0.5070625120105223
2008	ACUC	0.4299345932644592	0.05366353902576711	0.5164018677097737
2008	ACUG	0.6186334454710075	0.32921484829350195	0.052151706235490515
2008	ACUU	0.6098530811351736	0.2565639536720215	0.13358296519280496
2008	UGAA	0.5759435487996024	0.10148207467537841	0.32257437652501914
2008	UGAC	0.129289170929814	0.3229940451394138	0.5477167839307722
2008	UGAG	0.5900517970495086	0.13097974605241972	0.2789684568980718
2008	UGAU	0.6400044735441012	0.16281509372955016	0.19718043272634872
2008	UGCA	0.6124926857536301	0.15175201487798723	0.23575529936838258
2008	UGCC	0.5611815642804832	0.13600422040441404	0.30281421531510283
2008	UGCG	0.6151852395145128	0.09943357297256016	0.28538118751292707
2008	UGCU	0.465041801134129	0.30361503627483527	0.23134316259103574
2008	UGGA	0.36312274305557235	0.3105842539230949	0.32629300302133274
2008	UGGC	0.0952926158777462	0.061604360433214676	0.8431030236890391
2008	UGGG	0.25513899083548036	0.2202277295276192	0.5246332796369004
2008	UGGU	0.10893955995143474	0.2222389273189512	0.6688215127296141
2008	UGUA	0.7669598339249967	0.04726765560018113	0.1857725104748221
2008	UGUC	0.47131815253028025	0.1757109323841343	0.35297091508558553
2008	UGUG	0.4955950779694515	0.16645260239633028	0.3379523196342182
2008	UGUU	0.6921024554987012	0.07048565152914044	0.23741189297215826
2008	AUAA	0.34143350160681185	0.3227093627564115	0.3358571356367766
2008	AUAC	0.3165156844313128	0.25398119602722413	0.4295031195414631
2008	AUAG	0.2353130773547851	0.13964065393229025	0.6250462687129247
2008	AUAU	0.242529029802033	0.13355091569513583	0.6239200545028311
2008	AUCA	0.7704650883310777	0.1710470950761643	0.05848781659275803
2008	AUCC	0.7434935571884269	0.11711101006954559	0.13939543274202743
2008	AUCG	0.39467798663525244	0.2045027283952032	0.40081928496954433
2008	AUCU	0.4473788477088621	0.2099076354870613	0.3427135168040767
2008	AUGA	0.8166483207807774	0.10873810647463641	0.0746135727445862
2008	AUGC	0.21715775344865587	0.0003120745307408711	0.7825301720206033
2008	AUGG	0.6377054121564306	0.11139272612086067	0.25090186172270884
2008	AUGU	0.6227049456037612	0.18514839486511586	0.192146659531123
2008	AUUA	0.5191750144486957	0.06123090854115006	0.41959407701015417
2008	AUUC	0.5479429917777273	0.0055848167824847665	0.44647219143978784
2008	AUUG	0.8125575866836516	0.09404455211622634	0.09339786120012195
2008	AUUU	0.5806663653041884	0.13324700812102058	0.28608662657479106
2008	UAAA	0.36363984686764006	0.10372739659007947	0.5326327565422804
2008	UAAC	0.5533238156977526	0.15781510539839402	0.2888610789038533
2008	UAAG	0.577444807726567	0.15126708683016724	0.2712881054432656
2008	UAAU	0.3840615098108834	0.26781939175272756	0.34811909843638905
2008	UACA	0.4200695393196965	0.09950431321451207	0.48042614746579143
2008	UACC	0.65589477970301	0.13544099293723197	0.208664227359758
2008	UACG	0.48733086016345767	0.2412243288366054	0.27144481099993695
2008	UACU	0.22033565099901456	0.1599323016745115	0.6197320473264739
2008	UAGA	0.5449066431153397	0.030606494888635427	0.42448686199602487
2008	UAGC	0.08424770850540785	3.4807340008061654e-06	0.9157488107605913
2008	UAGG	0.43919323331325133	0.033284820147040844	0.5275219465397079
2008	UAGU	0.14976661107138411	0.10870064967444032	0.7415327392541755
2008	UAUA	0.4855733077114027	0.086955527542289	0.4274711647463083
2008	UAUC	0.10093906699600734	0.32133873961988063	0.577722193384112
2008	UAUG	0.24875740631231583	0.1598956242302632	0.5913469694574209
2008	UAUU	0.5704806853611005	0.08319160142238656	0.3463277132165129
2009	CUAA	0.6186706750155622	0.11884164042506354	0.26248768455937427
2009	CUAC	0.4147582222879466	0.19023535802332528	0.3950064196887282
2009	CUAG	3.541453410958696e-06	0.9967460222870651	0.0032504362595239433
2009	CUAU	0.7087068428178196	0.16718839039394362	0.12410476678823677
2009	CUCA	0.7349836124699652	0.12360585584185832	0.14141053168817638
2009	CUCC	0.6954851284792972	0.18916197414283598	0.11535289737786682
2009	CUCG	0.742343506916785	0.1757414129519454	0.08191508013126973
2009	CUCU	0.5608926777370528	0.2617183774829017	0.1773889447800456
2009	CUGA	0.5963265190700938	0.13272870979844972	0.2709447711314565
2009	CUGC	0.7412583942882415	0.12994685099050204	0.1287947547212565
2009	CUGG	0.46548317000977	0.2380674798979522	0.29644935009227774
2009	CUGU	0.7489203452846266	0.1521579260263113	0.09892172868906213
2009	CUUA	0.7737833489486403	0.1336583742571272	0.09255827679423251
2009	CUUC	0.7089403626137822	0.12062451212976917	0.1704351252564487
2009	CUUG	0.8790801658942013	0.06262309514906869	0.05829673895672994
2009	CUUU	0.6616848352205229	0.16457797252350106	0.17373719225597603
2009	GAAA	0.6900132402000289	0.13015718084003347	0.17982957895993762
2009	GAAC	0.6733785953616553	0.12487580934104334	0.2017455952973014
2009	GAAG	0.6080156507894348	0.15939041872098944	0.23259393048957586
2009	GAAU	0.7548109432745981	0.10547344915474824	0.1397156075706536
2009	GACA	0.5733174464327756	0.14855549590268724	0.27812705766453705
2009	GACC	0.6223692707234374	0.18321780382592417	0.19441292545063837
2009	GACG	0.7488110441514255	0.10496736522399774	0.14622159062457674
2009	GACU	0.7987009420137929	0.17181803450387098	0.029481023482336124
2009	GAGA	0.7978019986464533	0.10651939349254048	0.09567860786100621
2009	GAGC	0.6162761123166347	0.08679116301584817	0.296932724667517
2009	GAGG	0.7038446533017908	0.18588411574090175	0.11027123095730751
2009	GAGU	0.677108336440826	0.14026608418144765	0.18262557937772644
2009	GAUA	0.64603488339803	0.171579474708146	0.1823856418938242
2009	GAUC	0.6718441107874819	0.1497072766115311	0.17844861260098716
2009	GAUG	0.5272148326806378	0.21271726382761702	0.2600679034917451
2009	GAUU	0.6793727784004192	0.11526153242634184	0.20536568917323894
2009	AGAA	0.6416112351735624	0.21464012408964095	0.14374864073679663
2009	AGAC	0.6490344363590648	0.1591602389016844	0.1918053247392509
2009	AGAG	0.6397815768639963	0.1206890431498229	0.2395293799861808
2009	AGAU	0.7046835179164573	0.12865519656180094	0.1666612855217417
2009	AGCA	0.7263592229308803	0.16576712087180612	0.1078736561973135
2009	AGCC	0.5457224681965553	0.1365563317632313	0.3177212000402133
2009	AGCG	0.8811993941286128	0.05975653233652419	0.05904407353486304
2009	AGCU	0.7324010410372147	0.12239652826648298	0.14520243069630218
2009	AGGA	0.8498048933234096	0.08590452567182796	0.06429058100476252
2009	AGGC	0.721499425846779	0.10401280149324588	0.1744877726599753
2009	AGGG	0.7497531665954716	0.09569943319325822	0.15454740021127011
2009	AGGU	0.7787903533868716	0.1507325034590393	0.07047714315408904
2009	AGUA	0.7429971644537862	0.12519301645995823	0.13180981908625566
2009	AGUC	0.6336347635930155	0.17402955076378998	0.19233568564319437
2009	AGUG	0.7891678301967598	0.08776355615102244	0.12306861365221775
2009	AGUU	0.7917357958090883	0.15764621717441712	0.05061798701649465
2009	UCAA	0.6206764437053611	0.1510618045211509	0.22826175177348787
2009	UCAC	0.8060439157444649	0.1334756570776603	0.060480427177874906
2009	UCAG	0.7157054550199468	0.21176167888181055	0.07253286609824264
2009	UCAU	0.7059288790525236	0.1568360734579117	0.13723504748956472
2009	UCCA	0.5599673535256966	0.21222826412216533	0.227804382352138
2009	UCCC	0.8020033918950298	0.0785973080071264	0.11939930009784373
2009	UCCG	0.5508592149653533	0.1555744672963387	0.29356631773830794
2009	UCCU	0.6532238298552919	0.16758567982357883	0.1791904903211294
2009	UCGA	0.7682529763137278	0.13542849149319855	0.0963185321930737
2009	UCGC	0.540210503067587	0.1291449140831996	0.3306445828492134
2009	UCGG	0.7943758018997304	0.09500237452058258	0.11062182357968701
2009	UCGU	0.6579728056913942	0.15290060087588545	0.18912659343272042
2009	UCUA	0.7453642982291471	0.12743785749759937	0.12719784427325348
2009	UCUC	0.7768992173260623	0.11266010541059437	0.11044067726334324
2009	UCUG	0.7759530668377362	0.11324278571890836	0.1108041474433554
2009	UCUU	0.7217610719130628	0.13192584846912989	0.1463130796178072
2009	GUAA	0.6753722168844012	0.07637702247104534	0.24825076064455337
2009	GUAC	0.6964859807680178	0.15930315585415403	0.1442108633778281
2009	GUAG	0.6367317280046153	0.1027273952419207	0.26054087675346405
2009	GUAU	0.8181711088346566	0.03117083409067859	0.15065805707466487
2009	GUCA	0.4116018241928041	0.0728258620882269	0.5155723137189689
2009	GUCC	0.6794967539743924	0.21762030362723536	0.10288294239837231
2009	GUCG	0.6224190268428026	0.16204669938438476	0.21553427377281267
2009	GUCU	0.6381147322853937	0.27755933920420756	0.08432592851039883
2009	GUGA	0.7329730159545359	0.06270512948777171	0.20432185455769233
2009	GUGC	0.31595227613369975	0.05449156276037474	0.6295561611059255
2009	GUGG	0.8184917958512723	0.08768406546703762	0.0938241386816901
2009	GUGU	0.3543476036790495	0.21304804010975903	0.4326043562111916
2009	GUUA	0.8086485912075838	0.09601903591969475	0.09533237287272146
2009	GUUC	0.5414393769549112	0.15310934227840908	0.30545128076667977
2009	GUUG	0.5714598306508499	0.164298788601306	0.264241380747844
2009	GUUU	0.7805369651423121	0.07059238814810007	0.14887064670958786
2009	CAAA	0.369347029012066	0.21209244563506904	0.4185605253528649
2009	CAAC	0.8018089867047593	0.00022087331837814124	0.1979701399768625
2009	CAAG	0.025161004501613574	0.9637260759052102	0.01111291959317613
2009	CAAU	0.6488347830295003	0.07974030335664069	0.27142491361385906
2009	CACA	0.41003620300618887	0.02027132296532876	0.5696924740284824
2009	CACC	0.6990729482859015	0.05096846614539537	0.24995858556870318
2009	CACG	0.8015854732047645	0.13126909283632238	0.06714543395891304
2009	CACU	0.42211418175332294	0.3601604633766673	0.2177253548700099
2009	CAGA	0.6170559627187974	0.015557608010970232	0.3673864292702324
2009	CAGC	0.45007740119400647	0.35601890799983504	0.19390369080615852
2009	CAGG	0.19080484925068053	0.07688023967030552	0.732314911079014
2009	CAGU	0.3351965245388897	0.05389763748628428	0.6109058379748261
2009	CAUA	0.5447491110137208	0.1384021269422406	0.3168487620440386
2009	CAUC	0.43017311219255466	0.09294103243063494	0.47688585537681033
2009	CAUG	0.8224112014482957	0.06467828151683383	0.1129105170348706
2009	CAUU	0.4156511389793101	0.11014037427071795	0.4742084867499719
2009	GCAA	0.06972751506109799	0.022367985457103553	0.9079044994817984
2009	GCAC	0.16307608665273465	0.006318345074303228	0.8306055682729622
2009	GCAG	0.04508778165895696	0.08845439909901107	0.8664578192420319
2009	GCAU	0.34869435732743964	0.08858667812208122	0.5627189645504791
2009	GCCA	0.07185299592629564	0.0075936817114954	0.9205533223622089
2009	GCCC	0.012189808773105328	0.02671290213182677	0.9610972890950679
2009	GCCG	0.3628967959178055	0.019775948299918363	0.6173272557822761
2009	GCCU	0.5067645142376673	0.12657356668537875	0.3666619190769539
2009	GCGA	0.4553080301709233	0.0013016450443759655	0.5433903247847007
2009	GCGC	0.1926641411710628	0.06960368825299203	0.7377321705759453
2009	GCGG	0.5140527777630949	0.06657783766574626	0.41936938457115885
2009	GCGU	0.45258515024247337	0.10563244022213526	0.44178240953539133
2009	GCUA	0.47801818419923464	0.0001176732680262976	0.5218641425327389
2009	GCUC	0.04703029928232409	0.02457148930336135	0.9283982114143146
2009	GCUG	0.0018207836325125574	0.019327124504081687	0.9788520918634057
2009	GCUU	0.5295527614268195	0.006746268040671	0.4637009705325095
2009	CGAA	0.1569785367780465	0.20243877875191157	0.640582684470042
2009	CGAC	0.030276263433373696	0.1856305272145015	0.7840932093521248
2009	CGAG	0.018031380620951186	0.5499199473955326	0.4320486719835161
2009	CGAU	0.41467116779288155	0.013128201835417215	0.5722006303717012
2009	CGCA	0.03204940998797207	0.0032572287359413313	0.9646933612760866
2009	CGCC	0.3619329891031622	0.0012789838224271113	0.6367880270744107
2009	CGCG	0.4233073177386084	0.005600882688846892	0.5710917995725446
2009	CGCU	0.7458245350014566	0.03581759708062783	0.2183578679179155
2009	CGGA	0.03884817755864599	0.004384026182971799	0.9567677962583822
2009	CGGC	0.524399077778314	0.06047805834310996	0.41512286387857605
2009	CGGG	0.0929738323815079	0.006152923215656839	0.9008732444028352
2009	CGGU	0.09860681289827375	0.07012583657474698	0.8312673505269793
2009	CGUA	0.3206878768445787	0.023725457166628446	0.6555866659887928
2009	CGUC	0.04790196083658074	0.0005670092308731216	0.9515310299325462
2009	CGUG	0.3623131341968453	4.796662406379244e-06	0.6376820691407483
2009	CGUU	0.3959751457947431	0.0012470965336281556	0.6027777576716288
2009	ACAA	0.8600626147551718	0.09811258955757209	0.04182479568725615
2009	ACAC	0.47524377370227755	0.11226304132582608	0.41249318497189635
2009	ACAG	0.8846468043589933	0.0787700256918221	0.03658316994918456
2009	ACAU	0.4950366675824232	0.03519999531280963	0.46976333710476725
2009	ACCA	0.5873804697152107	0.056664439907441	0.3559550903773482
2009	ACCC	0.32395855126421547	0.028344392768843353	0.6476970559669412
2009	ACCG	0.6597716741911573	0.07255451137272338	0.26767381443611926
2009	ACCU	0.6189052988456422	0.06183382896819632	0.31926087218616156
2009	ACGA	0.33066889525119564	0.10541525288882247	0.5639158518599819
2009	ACGC	0.5495757040681074	0.17631296769199953	0.27411132823989315
2009	ACGG	0.5775154587686688	0.1191112786375227	0.30337326259380853
2009	ACGU	0.7012347184470048	0.07861768497325619	0.22014759657973887
2009	ACUA	0.2023679245986724	0.21837103603657593	0.5792610393647517
2009	ACUC	0.45146708247110495	0.031678968507504526	0.5168539490213906
2009	ACUG	0.7248907223980453	0.21686355975438162	0.058245717847573014
2009	ACUU	0.6919070911280896	0.16363877541276828	0.14445413345914224
2009	UGAA	0.6124113857785741	0.06066255493972334	0.3269260592817024
2009	UGAC	0.15522451362722764	0.21800210886868446	0.6267733775040879
2009	UGAG	0.6347506078076187	0.07921093763990923	0.2860384545524721
2009	UGAU	0.696054459910604	0.09954578976829823	0.2043997503210977
2009	UGCA	0.6639409341693701	0.09247642378726051	0.24358264204336944
2009	UGCC	0.6058553893468034	0.08254409067375734	0.3116005199794392
2009	UGCG	0.6523068093465679	0.05927165758371347	0.2884215330697186
2009	UGCU	0.5431288193290043	0.19934353420595746	0.2575276464650383
2009	UGGA	0.4278441423694825	0.20572145915090817	0.3664343984796094
2009	UGGC	0.10207889038067583	0.03709848433766972	0.8608226252816544
2009	UGGG	0.29026280345602207	0.1408492619310103	0.5688879346129676
2009	UGGU	0.1250230607235919	0.14338134974853473	0.7315955895278734
2009	UGUA	0.7901919700576171	0.02737739212220356	0.18243063782017935
2009	UGUC	0.519915675902748	0.10896463054222841	0.3711196935550236
2009	UGUG	0.5438417721865986	0.1026843337320107	0.35347389408139074
2009	UGUU	0.7224346017218518	0.041361557992487016	0.23620384028566116
2009	AUAA	0.4050364686029978	0.2152125452090368	0.3797509861879653
2009	AUAC	0.36436703269050175	0.1643665449762588	0.47126642233323945
2009	AUAG	0.25870775200980156	0.08630645426563004	0.6549857937245684
2009	AUAU	0.2658463970813973	0.0822966091822148	0.6518569937363877
2009	AUCA	0.8353104527967327	0.10425062719529556	0.06043892000797169
2009	AUCC	0.7891094827865087	0.06987564049028369	0.14101487672320764
2009	AUCG	0.44262292119417257	0.12893122964691153	0.42844584915891587
2009	AUCU	0.5015253220703577	0.1322859368989761	0.36618874103066607
2009	AUGA	0.8606310479190962	0.06442163224546521	0.07494731983543858
2009	AUGC	0.22545602764266282	0.00018214315665883934	0.7743618292006784
2009	AUGG	0.6787916425720122	0.0666563054475092	0.2545520519804786
2009	AUGU	0.6843419716222466	0.1143875702587881	0.20127045811896527
2009	AUUA	0.5444775455623174	0.03609980998429227	0.4194226444533902
2009	AUUC	0.5610532570022823	0.003214738588417023	0.4357320044093007
2009	AUUG	0.8513378837842198	0.05539230972071869	0.09326980649506139
2009	AUUU	0.625546662328844	0.08069721171533914	0.2937561259558168
2009	UAAA	0.3911681115320394	0.06272684975563121	0.5461050387123294
2009	UAAC	0.603164750908967	0.0967104005340921	0.3001248485569408
2009	UAAG	0.6269364054410975	0.0923263090755388	0.2807372854833635
2009	UAAU	0.44327015885471116	0.1737711807002491	0.38295866044503973
2009	UACA	0.4497913358756419	0.059896276320623616	0.49031238780373443
2009	UACC	0.7045648805847802	0.08179089649935131	0.21364422291586854
2009	UACG	0.5527394208137482	0.1538103831600969	0.293450196026155
2009	UACU	0.24456310434536674	0.09979536592062047	0.6556415297340128
2009	UAGA	0.5636725527660719	0.017798622982896327	0.4185288242510319
2009	UAGC	0.08802524489041634	2.0445041786135333e-06	0.9119727106054051
2009	UAGG	0.457156357557517	0.01947705811837865	0.5233665843241044
2009	UAGU	0.16320511032751123	0.06659151761895515	0.7702033720535336
2009	UAUA	0.5155271552476317	0.05189935465039258	0.4325734901019757
2009	UAUC	0.12128660689710491	0.21706243385773308	0.661650959245162
2009	UAUG	0.27569807493440296	0.09962361909460328	0.6246783059709938
2009	UAUU	0.6021876293990586	0.04936718810157709	0.3484451824993644
2011	CUAA	0.3742822748139101	0.23004715779109566	0.3956705673949941
2011	CUAC	0.20658720487740997	0.3031853135501182	0.49022748157247187
2011	CUAG	1.1076092650937143e-06	0.9974659122459666	0.002532980144768495
2011	CUAU	0.4563813944161347	0.34448944998632886	0.19912915559753638
2011	CUCA	0.4956632470046373	0.26672063238982124	0.2376161206055414
2011	CUCC	0.4379178677903746	0.3811072055146487	0.1809749266949768
2011	CUCG	0.4920205923025872	0.37270136526366626	0.13527804243374655
2011	CUCU	0.30478317017724504	0.45504456900714574	0.2401722608156092
2011	CUGA	0.3515839154836583	0.25039073367835074	0.398025350837991
2011	CUGC	0.5015420499550869	0.28132737277994085	0.2171305772649723
2011	CUGG	0.23678214685076718	0.3874837997932918	0.3757340533559411
2011	CUGU	0.5052569381273315	0.3284579225419534	0.16628513933071493
2011	CUUA	0.5403246741188631	0.29863458300917606	0.16104074287196077
2011	CUUC	0.4665417386091251	0.2539948288925695	0.2794634324983055
2011	CUUG	0.7177867673904664	0.16361005841904924	0.11860317419048437
2011	CUUU	0.4081515482691607	0.3248257720260862	0.2670226797047531
2011	GAAA	0.44386778155368617	0.2679000757361143	0.2882321427101995
2011	GAAC	0.4273736808853259	0.25359184683371294	0.31903447228096127
2011	GAAG	0.35817111594475803	0.30043222743220177	0.34139665662304025
2011	GAAU	0.5240233988238409	0.23429560643867228	0.24168099473748683
2011	GACA	0.3291821800541445	0.27292190077803036	0.397895919167825
2011	GACC	0.36760957194290295	0.3462699844980185	0.2861204435590786
2011	GACG	0.5167756949660084	0.2317889025944985	0.2514354024394931
2011	GACU	0.5617050889548628	0.38663522018020274	0.051659690864934445
2011	GAGA	0.5793651078887799	0.24751094367927043	0.17312394843194956
2011	GAGC	0.3771971122538791	0.16997186419010135	0.4528310235560195
2011	GAGG	0.4473475831154744	0.3780237307450657	0.1746286861394599
2011	GAGU	0.4282909999476319	0.28388468577453285	0.2878243142778351
2011	GAUA	0.3916606955023718	0.3328341349325294	0.27550516956509885
2011	GAUC	0.42108921565357216	0.3002320274535827	0.27867875689284516
2011	GAUG	0.2840841517442338	0.3667504275309867	0.3491654207247796
2011	GAUU	0.43553122402437233	0.23643079824195107	0.3280379777336765
2011	AGAA	0.38042513445237697	0.40720833414224966	0.21236653140537343
2011	AGAC	0.39666984596510324	0.3112465415255314	0.2920836125093655
2011	AGAG	0.3942526952241316	0.2379683995156565	0.36777890526021195
2011	AGAU	0.4600961486199373	0.2687758979123134	0.27112795346774937
2011	AGCA	0.4761308022577682	0.3476816114687766	0.1761875862734551
2011	AGCC	0.30756927839828296	0.24625863377340665	0.4461720878283104
2011	AGCG	0.7225797426814196	0.15678535161597076	0.12063490570260967
2011	AGCU	0.4929256594114176	0.26357855766809907	0.2434957829204834
2011	AGGA	0.6613977787390841	0.21392820803870435	0.12467401322221151
2011	AGGC	0.4845305168578367	0.22350150082390557	0.2919679823182577
2011	AGGG	0.5202867339377364	0.2124918678394167	0.2672213982228468
2011	AGGU	0.542071935969197	0.3357003369033277	0.12222772712747525
2011	AGUA	0.5047538444356197	0.2721329235449582	0.2231132320194221
2011	AGUC	0.379488548884698	0.3334964251923999	0.28701502592290196
2011	AGUG	0.5732619466514262	0.2039888632632343	0.22274919008533953
2011	AGUU	0.5566676899398103	0.354656392975352	0.08867591708483775
2011	UCAA	0.37104622806145565	0.2889521504065249	0.3400016215320195
2011	UCAC	0.5824771720601352	0.30862476873396155	0.10889805920590324
2011	UCAG	0.45470375943705493	0.4304771399470935	0.11481910061585168
2011	UCAU	0.4555271647627371	0.323823078449221	0.22064975678804202
2011	UCCA	0.3099497445155483	0.3758722823850592	0.31417797309939244
2011	UCCC	0.5936409471428448	0.1861503342682446	0.2202087185889106
2011	UCCG	0.3094521375149863	0.27964025870599946	0.4109076037790142
2011	UCCU	0.39929943032288395	0.327779720893454	0.27292084878366213
2011	UCGA	0.5329265828524261	0.30059494846098256	0.16647846868659136
2011	UCGC	0.30395323534034185	0.2325035343193485	0.4635432303403097
2011	UCGG	0.5781550610783068	0.22123879805790814	0.20060614086378506
2011	UCGU	0.40654674847391936	0.30228753857972607	0.2911657129463545
2011	UCUA	0.5070306812197818	0.2773783875034434	0.2155909312767749
2011	UCUC	0.54999557168752	0.2551955909269523	0.19480883738552773
2011	UCUG	0.5486173847385379	0.256184683154934	0.19519793210652805
2011	UCUU	0.4784808961069634	0.2798398430901651	0.24167926080287147
2011	GUAA	0.4390361630864651	0.15886503820343303	0.40209879871010196
2011	GUAC	0.44488864630172903	0.32559057706079786	0.2295207766374732
2011	GUAG	0.39435837643759963	0.20357730453520162	0.40206431902719886
2011	GUAU	0.6326259075686554	0.07711871098939724	0.2902553814419473
2011	GUCA	0.21334895179384603	0.12078343085459	0.6658676173515641
2011	GUCC	0.4163168884896329	0.42662328861573656	0.15705982289463055
2011	GUCG	0.3709395973182505	0.30900750695217455	0.3200528957295749
2011	GUCU	0.36750784406826287	0.5114841629092783	0.12100799302245877
2011	GUGA	0.5080541338659609	0.13907003900517498	0.35287582712886423
2011	GUGC	0.15345421218364694	0.08468277738336888	0.7618630104329843
2011	GUGG	0.6141007273780147	0.21050114546146367	0.17539812716052172
2011	GUGU	0.1676250392066758	0.32247454620470034	0.5099004145886239
2011	GUUA	0.5974879740239967	0.22700487289633375	0.17550715307966946
2011	GUUC	0.30207225957214184	0.27331986807662406	0.424607872351234
2011	GUUG	0.3255143018890927	0.299452009915923	0.3750336881949844
2011	GUUU	0.5666976296982041	0.1639926182286169	0.26930975207317887
2011	CAAA	0.17664671528959336	0.3245672238717334	0.49878606083867316
2011	CAAC	0.6187820469801182	0.0005454042853091808	0.38067254873457246
2011	CAAG	0.008022053323644236	0.9831497738726872	0.008828172803668445
2011	CAAU	0.4105841828096527	0.1614561079552305	0.4279597092351167
2011	CACA	0.21645034736136612	0.03423944224113356	0.7493102103975003
2011	CACC	0.47076793180042836	0.10982328838123549	0.4194087798183361
2011	CACG	0.577133339243154	0.3024108113955747	0.12045584936127135
2011	CACU	0.19939162883755912	0.5443541256823511	0.2562542454800897
2011	CAGA	0.389991358533615	0.03146166917761352	0.5785469722887715
2011	CAGC	0.21718034735054387	0.549686264014926	0.23313338863453006
2011	CAGG	0.0843723300674964	0.10877619626882246	0.8068514736636812
2011	CAGU	0.16513696342668863	0.08496166623735407	0.7499013703359573
2011	CAUA	0.30654405700375137	0.2491997714120109	0.4442561715842377
2011	CAUC	0.22454163215705464	0.15522783873795234	0.6202305291049929
2011	CAUG	0.6274623208754156	0.1578939943737501	0.2146436847508341
2011	CAUU	0.2131956542516935	0.18076087107347208	0.6060434746748344
2011	GCAA	0.029011206366554198	0.02977809948521842	0.9412106941482273
2011	GCAC	0.07238618813378792	0.0089738183002859	0.9186399935659263
2011	GCAG	0.018129277969214923	0.11380191775267488	0.8680688042781101
2011	GCAU	0.171412842708227	0.13933985649438982	0.6892473007973832
2011	GCCA	0.030066067717388668	0.010166995815699513	0.9597669364669117
2011	GCCC	0.004890849943036264	0.03429391154255928	0.9608152385144044
2011	GCCG	0.18474326379194123	0.03221300950812229	0.7830437266999364
2011	GCCU	0.2776258950220119	0.2218734304911669	0.5005006744868213
2011	GCGA	0.25107902098270185	0.0022967101542427726	0.7466242688630552
2011	GCGC	0.08549411910699652	0.0988271130360115	0.815678767856992
2011	GCGG	0.2900977430368949	0.12021947588326638	0.5896827810798388
2011	GCGU	0.239293527515276	0.17870490328916885	0.5820015691955552
2011	GCUA	0.26874707887030785	0.00021168284026648227	0.7310412382894257
2011	GCUC	0.019283528251532112	0.032236563666644125	0.9484799080818238
2011	GCUG	0.0007275546066297436	0.024710583637492217	0.974561861755878
2011	GCUU	0.31031256401626733	0.012649175545683884	0.6770382604380488
2011	CGAA	0.06538534450907908	0.2698002532567642	0.6648144022341567
2011	CGAC	0.011744480253300538	0.23040368958071017	0.7578518301659892
2011	CGAG	0.006317675270518771	0.616504564360043	0.37717776036943823
2011	CGAU	0.2202891718791577	0.022315316978007847	0.7573955111428344
2011	CGCA	0.013102039834803928	0.004260647834362172	0.9826373123308338
2011	CGCC	0.18535276584958144	0.0020957740436820683	0.8125514601067365
2011	CGCG	0.22707391768904409	0.00961338770634811	0.7633126946046078
2011	CGCU	0.5310253849871757	0.08159876161925647	0.38737585339356784
2011	CGGA	0.015942321730291583	0.0057565537374310565	0.9783011245322772
2011	CGGC	0.29927241565139245	0.11043611343377985	0.5902914709148278
2011	CGGG	0.039440613333821886	0.008351662333808395	0.9522077243323698
2011	CGGU	0.0411856002294377	0.09371843710930211	0.8650959626612602
2011	CGUA	0.1579675332229181	0.037394556621861724	0.8046379101552202
2011	CGUC	0.019789391613442515	0.0007495106105421513	0.9794610977760153
2011	CGUG	0.18568716066281896	7.865846294885643e-06	0.8143049734908862
2011	CGUU	0.20820306459030885	0.002098107648801781	0.7896988277608894
2011	ACAA	0.6728674018509502	0.24560243129520207	0.08153016685384787
2011	ACAC	0.2552007220116758	0.19289046993368675	0.5519088080546375
2011	ACAG	0.7204909632458747	0.20527124517567766	0.07423779157844763
2011	ACAU	0.2784003910493444	0.06334080561099258	0.6582588033396631
2011	ACCA	0.3547838604007815	0.10951244059420984	0.5357036990050085
2011	ACCC	0.15970514940733124	0.04471004770805688	0.7955848028846119
2011	ACCG	0.4232370272701882	0.14892339060613896	0.42783958212367285
2011	ACCU	0.38387974786911666	0.12271725858773429	0.49340299354314915
2011	ACGA	0.15950916445368366	0.16270625731898686	0.6777845782273295
2011	ACGC	0.3058789579056635	0.31398929168274853	0.3801317504115879
2011	ACGG	0.3368356759099492	0.22228791949290128	0.44087640459714966
2011	ACGU	0.4670801583222204	0.1675547578385369	0.3653650838392428
2011	ACUA	0.08631978987176435	0.2980384086762052	0.6156418014520304
2011	ACUC	0.24527677091635658	0.05506933935519393	0.6996538897284496
2011	ACUG	0.46351026714262844	0.44369231248336577	0.09279742037400569
2011	ACUU	0.4391865495213768	0.33235022325551267	0.22846322722311044
2011	UGAA	0.3777764459617924	0.11973491836232673	0.502488635675881
2011	UGAC	0.06428960253107681	0.2889013907242326	0.6468090067446907
2011	UGAG	0.3964946361321459	0.15831710868959933	0.4451882551782548
2011	UGAU	0.4567703341448189	0.20901914680088426	0.33421051905429683
2011	UGCA	0.4237675992422007	0.1888590644485238	0.3873733363092755
2011	UGCC	0.36799529846839285	0.16042342599266868	0.47158127553893847
2011	UGCG	0.4179845514707509	0.12152451488795284	0.4604909336412963
2011	UGCU	0.2979913085613575	0.3499543593225016	0.35205433211614096
2011	UGGA	0.2140170828095845	0.3292690800513732	0.4567138371390423
2011	UGGC	0.04315061239905017	0.05017827121854569	0.9066711163824042
2011	UGGG	0.13448050223905864	0.20880025131469607	0.6567192464462452
2011	UGGU	0.05194853542911357	0.1906269724112252	0.7574244921596612
2011	UGUA	0.5930847074900006	0.06574832525464806	0.3411669672553514
2011	UGUC	0.28992678338531586	0.1944238239166578	0.5156493926980262
2011	UGUG	0.3102119739633269	0.18741255823811193	0.5023754677985611
2011	UGUU	0.5005388998566002	0.09169479625103177	0.40776630389236795
2011	AUAA	0.1985615830462241	0.33758037169578753	0.4638580452579883
2011	AUAC	0.17649033938436193	0.25474389995875035	0.5687657606568877
2011	AUAG	0.11939347273423351	0.1274450352199143	0.7531614920458521
2011	AUAU	0.12345640271026169	0.12228502752692981	0.7542585697628086
2011	AUCA	0.6330639054439616	0.252805674345936	0.11413042021010233
2011	AUCC	0.5785055210353935	0.1639096609793227	0.2575848179852838
2011	AUCG	0.23020954793902693	0.21456360689152196	0.5552268451694511
2011	AUCU	0.2729820380210527	0.23038987462701005	0.4966280873519372
2011	AUGA	0.6865811832910474	0.1644428958773455	0.14897592083160704
2011	AUGC	0.10459721199881815	0.00027038314882677866	0.8951324048523551
2011	AUGG	0.44472339394271565	0.1397343669846985	0.41554223907258586
2011	AUGU	0.44098730562667676	0.23585237342114815	0.3231603209521751
2011	AUUA	0.31933499397917614	0.06774542308693582	0.612919582933888
2011	AUUC	0.338590455187611	0.006207615249819216	0.6552019295625697
2011	AUUG	0.6751446880841295	0.14055712799968867	0.18429818391618163
2011	AUUU	0.38717063955617237	0.1598121294327518	0.45301723101107577
2011	UAAA	0.20033486033688663	0.10279099404573011	0.6968741456173833
2011	UAAC	0.36326227631252195	0.18636572076798547	0.4503720029194927
2011	UAAG	0.3865567499820193	0.18214772463778933	0.4312955253801914
2011	UAAU	0.22691313655121106	0.28462785518291567	0.48845900826587324
2011	UACA	0.24141801707604635	0.1028648320106596	0.6557171509132941
2011	UACC	0.4701502974825295	0.17463415880243546	0.3552155437150351
2011	UACG	0.3112170684454006	0.27710038362280714	0.41168254793179226
2011	UACU	0.11129153268104583	0.14530818045039326	0.7434002868685609
2011	UAGA	0.3388584712322093	0.034236264076146994	0.6269052646916438
2011	UAGC	0.03729348549597077	2.7715469511970413e-06	0.9627037429570782
2011	UAGG	0.25070028837557645	0.03417605536257624	0.7151236562618474
2011	UAGU	0.07110261138888155	0.09282804736291822	0.8360693412482002
2011	UAUA	0.29301202779880836	0.09438530067236137	0.6126026715288304
2011	UAUC	0.04921516620082494	0.2818248487285107	0.6689599850706643
2011	UAUG	0.12817586656994773	0.1481983430055556	0.7236257904244967
2011	UAUU	0.36981527860258606	0.0970062945416649	0.5331784268557492
2013	CUAA	0.8524601530168797	0.1083526776647658	0.03918716931835441
2013	CUAC	0.7108917706622151	0.21575266862486225	0.07335556071292267
2013	CUAG	5.36668860604305e-06	0.9994609459444597	0.0005336873669342812
2013	CUAU	0.8510125726491083	0.13284093401111116	0.016146493339780455
2013	CUCA	0.8832936974070283	0.0982930871108193	0.018413215482152398
2013	CUCC	0.8347653025323094	0.1502335163945993	0.01500118107309137
